frame, timestamp, confidence, success, x_0, y_0, z_0, x_1, y_1, z_1, x_h0, y_h0, z_h0, x_h1, y_h1, z_h1
1, 0, 0.984316, 1, 0.229942, 0.0637127, -0.971117, 0.0483064, 0.0814658, -0.995505, -0.13573, 0.202362, -0.969859, -0.312571, 0.223615, -0.923199
2, 0.0417083, 0.984633, 1, 0.237397, 0.0652077, -0.969222, 0.0448001, 0.0862642, -0.995265, -0.133649, 0.205791, -0.969427, -0.321064, 0.229065, -0.918938
3, 0.0834167, 0.98564, 1, 0.243045, 0.0728323, -0.967277, 0.0516933, 0.0861679, -0.994939, -0.120353, 0.203868, -0.971572, -0.308061, 0.219037, -0.925808
4, 0.125125, 0.984546, 1, 0.245564, 0.0790819, -0.966149, 0.0424698, 0.0829011, -0.995652, -0.124394, 0.208564, -0.970066, -0.32382, 0.213474, -0.921721
5, 0.166833, 0.985392, 1, 0.238357, 0.0791921, -0.967943, 0.0522548, 0.0926544, -0.994326, -0.139204, 0.208068, -0.968158, -0.321093, 0.221552, -0.920768
6, 0.208542, 0.985838, 1, 0.242062, 0.0931565, -0.965778, 0.0527757, 0.102025, -0.993381, -0.14056, 0.215653, -0.966301, -0.325803, 0.224057, -0.918505
7, 0.25025, 0.985585, 1, 0.251922, 0.0879041, -0.963747, 0.059562, 0.103229, -0.992873, -0.137458, 0.208631, -0.968286, -0.32568, 0.223067, -0.918789
8, 0.291958, 0.986842, 1, 0.241071, 0.0899089, -0.966334, 0.0614256, 0.0906693, -0.993985, -0.151016, 0.208378, -0.966319, -0.32725, 0.207673, -0.921835
9, 0.333667, 0.987312, 1, 0.245113, 0.0933877, -0.964986, 0.0647998, 0.0819265, -0.99453, -0.147227, 0.209425, -0.966677, -0.325022, 0.195661, -0.925245
10, 0.375375, 0.985176, 1, 0.237, 0.0908131, -0.967256, 0.064107, 0.098773, -0.993043, -0.153188, 0.196304, -0.968503, -0.322618, 0.200793, -0.924986
11, 0.417083, 0.98689, 1, 0.24656, 0.0995736, -0.963999, 0.0580231, 0.110555, -0.992175, -0.154917, 0.219403, -0.963257, -0.339031, 0.226425, -0.913121
12, 0.458792, 0.985059, 1, 0.265262, 0.0982148, -0.959161, 0.0667738, 0.0995764, -0.992787, -0.161445, 0.242647, -0.956587, -0.355537, 0.2406, -0.903164
13, 0.5005, 0.984807, 1, 0.268966, 0.101246, -0.957813, 0.0772037, 0.107519, -0.991201, -0.172012, 0.259132, -0.950401, -0.358837, 0.263086, -0.895557
14, 0.542208, 0.984973, 1, 0.272343, 0.0972908, -0.957269, 0.0852302, 0.104769, -0.990838, -0.17934, 0.265555, -0.947269, -0.361264, 0.271816, -0.891967
15, 0.583917, 0.985173, 1, 0.265891, 0.101137, -0.958683, 0.0882164, 0.0994333, -0.991126, -0.18897, 0.273038, -0.94326, -0.362127, 0.27081, -0.891923
16, 0.625625, 0.988705, 1, 0.260586, 0.106994, -0.959504, 0.085234, 0.0997206, -0.991358, -0.182952, 0.263052, -0.947276, -0.3546, 0.256046, -0.899277
17, 0.667333, 0.993371, 1, 0.245546, 0.110645, -0.96305, 0.0855379, 0.113215, -0.989882, -0.187585, 0.242288, -0.951897, -0.343395, 0.24499, -0.906675
18, 0.709042, 0.992911, 1, 0.2334, 0.110236, -0.966112, 0.0824371, 0.104824, -0.991068, -0.191194, 0.235211, -0.952954, -0.338745, 0.229296, -0.912511
19, 0.75075, 0.992645, 1, 0.229761, 0.0995152, -0.968146, 0.0703596, 0.099083, -0.992589, -0.191909, 0.241669, -0.951192, -0.346852, 0.240768, -0.90649
20, 0.792458, 0.990424, 1, 0.242569, 0.0865793, -0.966263, 0.0885418, 0.0987666, -0.991164, -0.193114, 0.255527, -0.947319, -0.342097, 0.267273, -0.900852
21, 0.834167, 0.988594, 1, 0.242583, 0.0881033, -0.966122, 0.0890632, 0.0989516, -0.991099, -0.204991, 0.255813, -0.944742, -0.353113, 0.265666, -0.897069
22, 0.875875, 0.986995, 1, 0.248735, 0.0872753, -0.964632, 0.0879224, 0.0954311, -0.991546, -0.201051, 0.253449, -0.946225, -0.356628, 0.26034, -0.89724
23, 0.917583, 0.989437, 1, 0.241929, 0.0737438, -0.967488, 0.0945444, 0.0825706, -0.99209, -0.205044, 0.25102, -0.946016, -0.347706, 0.258364, -0.901304
24, 0.959292, 0.989211, 1, 0.229147, 0.0779877, -0.970263, 0.0981866, 0.0826709, -0.991728, -0.209892, 0.250754, -0.945023, -0.336946, 0.254181, -0.906565
25, 1.001, 0.989829, 1, 0.228438, 0.0765278, -0.970546, 0.100958, 0.0729952, -0.992209, -0.208254, 0.255297, -0.944168, -0.332668, 0.251092, -0.909002
26, 1.04271, 0.989649, 1, 0.227856, 0.0737129, -0.970901, 0.0936697, 0.0803354, -0.992357, -0.202936, 0.260313, -0.943957, -0.333011, 0.266332, -0.904528
27, 1.08442, 0.991035, 1, 0.261553, 0.0640696, -0.96306, 0.0862664, 0.0561335, -0.994689, -0.184222, 0.261938, -0.947339, -0.355764, 0.254097, -0.89937
28, 1.12613, 0.988569, 1, 0.233298, 0.0473353, -0.971252, 0.0983038, 0.0590839, -0.993401, -0.188384, 0.259004, -0.947327, -0.319563, 0.269974, -0.908292
29, 1.16783, 0.988235, 1, 0.224239, 0.052248, -0.973133, 0.0891541, 0.0629657, -0.994026, -0.180904, 0.274587, -0.944392, -0.312363, 0.283882, -0.906554
30, 1.20954, 0.988006, 1, 0.222417, 0.0527754, -0.973522, 0.090478, 0.0487431, -0.994705, -0.16792, 0.283367, -0.944196, -0.297846, 0.278571, -0.913064
31, 1.25125, 0.988501, 1, 0.229897, 0.0490705, -0.971977, 0.0592989, 0.0432755, -0.997302, -0.162508, 0.292416, -0.942382, -0.329635, 0.28513, -0.900023
32, 1.29296, 0.987603, 1, 0.22566, 0.0483392, -0.973006, 0.0769909, 0.0679794, -0.994712, -0.14675, 0.2898, -0.94577, -0.291662, 0.308209, -0.905506
33, 1.33467, 0.988055, 1, 0.223173, 0.0502234, -0.973484, 0.0724711, 0.0643975, -0.995289, -0.149664, 0.284128, -0.947033, -0.29684, 0.297063, -0.907546
34, 1.37637, 0.988235, 1, 0.215908, 0.0495809, -0.975154, 0.0699211, 0.0702867, -0.995073, -0.155204, 0.277279, -0.948171, -0.297198, 0.295897, -0.90781
35, 1.41808, 0.988577, 1, 0.216028, 0.0482346, -0.975195, 0.0548647, 0.0751951, -0.995658, -0.147085, 0.264426, -0.953124, -0.303655, 0.28842, -0.908079
36, 1.45979, 0.989218, 1, 0.219384, 0.0502207, -0.974345, 0.0487565, 0.0813631, -0.995491, -0.140163, 0.261355, -0.955012, -0.305901, 0.289064, -0.90712
37, 1.5015, 0.980753, 1, 0.217006, 0.0515728, -0.974807, 0.0463374, 0.093193, -0.994569, -0.141918, 0.257143, -0.955896, -0.306801, 0.295279, -0.904811
38, 1.54321, 0.987625, 1, 0.221264, 0.0630543, -0.973173, 0.0445551, 0.0928415, -0.994684, -0.160074, 0.249363, -0.955089, -0.330799, 0.275382, -0.902628
39, 1.58492, 0.981059, 1, 0.239533, 0.0736594, -0.96809, 0.0403315, 0.0937272, -0.994781, -0.139389, 0.221048, -0.965251, -0.333607, 0.237529, -0.912297
40, 1.62663, 0.972857, 1, 0.236793, 0.0836724, -0.96795, 0.0352491, 0.0985142, -0.994511, -0.133586, 0.195805, -0.971502, -0.330679, 0.207011, -0.92076
41, 1.66833, 0.972696, 1, 0.236107, 0.0969512, -0.966879, 0.0266255, 0.107147, -0.993887, -0.145778, 0.201803, -0.968517, -0.349913, 0.207122, -0.913598
42, 1.71004, 0.978138, 1, 0.238227, 0.0993263, -0.966117, 0.0366743, 0.11201, -0.99303, -0.159632, 0.199953, -0.966714, -0.355473, 0.20833, -0.911174
43, 1.75175, 0.989412, 1, 0.24081, 0.0839324, -0.966936, 0.0475475, 0.10312, -0.993532, -0.181489, 0.22286, -0.957808, -0.36785, 0.237957, -0.898923
44, 1.79346, 0.994023, 1, 0.245302, 0.106069, -0.963627, 0.0333482, 0.0797686, -0.996255, -0.1543, 0.23841, -0.958828, -0.362241, 0.208228, -0.908528
45, 1.83517, 0.992337, 1, 0.208886, 0.0969338, -0.973124, 0.03891, 0.0904628, -0.995139, -0.115058, 0.229255, -0.966542, -0.283112, 0.220165, -0.933475
46, 1.87688, 0.991697, 1, 0.19818, 0.0872634, -0.976273, 0.011417, 0.0762405, -0.997024, -0.0924737, 0.243624, -0.965451, -0.277353, 0.229792, -0.932883
47, 1.91858, 0.98883, 1, 0.20269, 0.0763144, -0.976265, -0.00286439, 0.0653168, -0.99786, -0.069415, 0.267725, -0.960992, -0.273259, 0.254267, -0.927727
48, 1.96029, 0.989555, 1, 0.202217, 0.0799429, -0.976073, -0.00479345, 0.0750182, -0.997171, -0.0660845, 0.274316, -0.959366, -0.27119, 0.267411, -0.924633
49, 2.002, 0.988995, 1, 0.205181, 0.0835765, -0.975149, -0.000921117, 0.0761043, -0.997099, -0.0655226, 0.287627, -0.955499, -0.269952, 0.278472, -0.921726
50, 2.04371, 0.98867, 1, 0.213243, 0.0810556, -0.973631, -0.00372801, 0.0784808, -0.996909, -0.0673023, 0.287623, -0.955376, -0.282046, 0.282554, -0.916849
51, 2.08542, 0.988019, 1, 0.222279, 0.0636747, -0.972902, 0.00539721, 0.0661252, -0.997797, -0.0668611, 0.274008, -0.9594, -0.281538, 0.273705, -0.919686
52, 2.12712, 0.988683, 1, 0.17984, 0.0372824, -0.982989, 0.00615496, 0.0553305, -0.998449, -0.11592, 0.21414, -0.9699, -0.286293, 0.227335, -0.930782
53, 2.16883, 0.987972, 1, 0.177842, 0.0424429, -0.983143, 0.0296581, 0.0469732, -0.998456, -0.108627, 0.188817, -0.975986, -0.255092, 0.188353, -0.948394
54, 2.21054, 0.987057, 1, 0.169364, 0.0542135, -0.984061, 0.0242942, 0.0400061, -0.998904, -0.0946104, 0.201465, -0.974916, -0.238267, 0.18157, -0.954076
55, 2.25225, 0.987065, 1, 0.16556, 0.0472025, -0.985069, 0.0172471, 0.0406309, -0.999025, -0.0874008, 0.198581, -0.97618, -0.234344, 0.185954, -0.954203
56, 2.29396, 0.986641, 1, 0.164662, 0.0539067, -0.984876, 0.0252155, 0.0372822, -0.998987, -0.0917886, 0.199871, -0.975513, -0.229915, 0.177652, -0.956859
57, 2.33567, 0.987196, 1, 0.167313, 0.0484073, -0.984715, 0.034905, 0.0416513, -0.998522, -0.0931841, 0.181033, -0.979052, -0.224496, 0.168652, -0.95977
58, 2.37737, 0.986977, 1, 0.165955, 0.0514738, -0.984789, 0.0330407, 0.0427487, -0.998539, -0.0965194, 0.180465, -0.978834, -0.228198, 0.165848, -0.959385
59, 2.41908, 0.984625, 1, 0.167095, 0.0559152, -0.984354, 0.039332, 0.0377122, -0.998514, -0.0962119, 0.193447, -0.976382, -0.222834, 0.169972, -0.959924
60, 2.46079, 0.978197, 1, 0.162223, 0.0533658, -0.98531, 0.00440062, 0.0548723, -0.998484, -0.0929563, 0.169313, -0.981169, -0.248987, 0.164145, -0.954496
61, 2.5025, 0.982646, 1, 0.165012, 0.0612926, -0.984385, 0.00966767, 0.0552184, -0.998428, -0.0999363, 0.185454, -0.977558, -0.253377, 0.172862, -0.951798
62, 2.54421, 0.981006, 1, 0.161713, 0.067031, -0.984559, 0.01659, 0.0571921, -0.998225, -0.10169, 0.182386, -0.977954, -0.245122, 0.166664, -0.955059
63, 2.58592, 0.981574, 1, 0.174038, 0.0640629, -0.982653, -0.0221, 0.041599, -0.99889, -0.110026, 0.198678, -0.973869, -0.3025, 0.168401, -0.938155
64, 2.62763, 0.985373, 1, 0.174484, 0.0511264, -0.983332, 0.0154312, 0.0500796, -0.998626, -0.0986367, 0.226912, -0.968908, -0.25588, 0.220761, -0.941164
65, 2.66933, 0.984559, 1, 0.190524, 0.00934366, -0.981638, -0.0181237, 0.0280115, -0.999443, -0.102233, 0.213293, -0.971625, -0.306894, 0.224562, -0.924872
66, 2.71104, 0.985971, 1, 0.184627, 0.0262058, -0.982459, -0.0165681, 0.0347595, -0.999258, -0.0969256, 0.242544, -0.965286, -0.294697, 0.244304, -0.923834
67, 2.75275, 0.990242, 1, 0.168421, 0.0362289, -0.985049, -0.0171714, 0.0414312, -0.998994, -0.0987404, 0.217541, -0.971044, -0.281389, 0.216118, -0.93494
68, 2.79446, 0.992245, 1, 0.271276, 0.116171, -0.955465, 0.075604, 0.137144, -0.987662, 0.0701069, 0.249484, -0.965838, -0.128647, 0.262532, -0.956309
69, 2.83617, 0.993351, 1, 0.0241915, 0.129816, -0.991243, -0.0880059, 0.109807, -0.990049, -0.071972, 0.199451, -0.977261, -0.182063, 0.171367, -0.968239
70, 2.87788, 0.955549, 1, 0.0603896, 0.134478, -0.989075, -0.142983, 0.229612, -0.962722, 0.0181734, 0.189405, -0.981731, -0.189901, 0.269379, -0.944125
71, 2.91958, 0.920448, 1, 0.0924285, 0.139284, -0.98593, -0.0619271, 0.203245, -0.977168, 0.120189, 0.155502, -0.980497, -0.0386209, 0.208065, -0.977352
72, 2.96129, 0.960134, 1, 0.0645528, 0.153647, -0.986015, 0.026977, 0.102431, -0.994374, 0.179912, 0.131097, -0.974908, 0.148628, 0.0762848, -0.985946
73, 3.003, 0.989234, 1, 0.316568, 0.111396, -0.942006, 0.0950789, 0.0820717, -0.992081, 0.562076, 0.170097, -0.809406, 0.36792, 0.123784, -0.921582
74, 3.04471, 0.987134, 1, 0.284518, 0.114193, -0.951845, 0.0829005, 0.11235, -0.990205, 0.539968, 0.141954, -0.829629, 0.358853, 0.125993, -0.924851
75, 3.08642, 0.986978, 1, 0.297606, 0.113856, -0.947875, 0.0665981, 0.118136, -0.990762, 0.545878, 0.151487, -0.824056, 0.336602, 0.143497, -0.930649
76, 3.12812, 0.97955, 1, 0.294292, 0.112372, -0.949086, 0.0714962, 0.138937, -0.987717, 0.534108, 0.169711, -0.828207, 0.32904, 0.188196, -0.925373
77, 3.16983, 0.98167, 1, 0.31605, 0.0946423, -0.94401, 0.0454404, 0.132725, -0.990111, 0.556658, 0.160385, -0.815113, 0.307353, 0.190903, -0.93225
78, 3.21154, 0.972204, 1, 0.308184, 0.108677, -0.945099, 0.105726, 0.11139, -0.988137, 0.530804, 0.203056, -0.822809, 0.346054, 0.202204, -0.916166
79, 3.25325, 0.972761, 1, 0.299626, 0.110101, -0.947683, 0.114621, 0.0952418, -0.988833, 0.519585, 0.213167, -0.8274, 0.352201, 0.194302, -0.915533
80, 3.29496, 0.978895, 1, 0.295903, 0.129423, -0.94641, 0.112761, 0.0997148, -0.988606, 0.516508, 0.226742, -0.825716, 0.352314, 0.19303, -0.915759
81, 3.33667, 0.985824, 1, 0.300924, 0.129752, -0.94478, 0.0668673, 0.136478, -0.988384, 0.515677, 0.219266, -0.828251, 0.299455, 0.221192, -0.928117
82, 3.37838, 0.987509, 1, 0.311698, 0.124598, -0.941977, 0.0694397, 0.126936, -0.989477, 0.528278, 0.208047, -0.823188, 0.305561, 0.205689, -0.92969
83, 3.42008, 0.986722, 1, 0.308619, 0.121582, -0.943383, 0.0767653, 0.130426, -0.988482, 0.521792, 0.200834, -0.829095, 0.307642, 0.20561, -0.929021
84, 3.46179, 0.982674, 1, 0.315582, 0.127978, -0.940228, 0.0839953, 0.133445, -0.98749, 0.518999, 0.188691, -0.833688, 0.304724, 0.188512, -0.933599
85, 3.5035, 0.98299, 1, 0.346402, 0.112243, -0.931347, 0.0640014, 0.124777, -0.990118, 0.548066, 0.161669, -0.820662, 0.286761, 0.166876, -0.943356
86, 3.54521, 0.982237, 1, 0.319468, 0.124932, -0.939325, 0.0825916, 0.1414, -0.986501, 0.498909, 0.189656, -0.845648, 0.276136, 0.202635, -0.939515
87, 3.58692, 0.986689, 1, 0.32527, 0.0998431, -0.940336, 0.121249, 0.0906096, -0.988478, 0.47845, 0.183972, -0.858627, 0.286261, 0.173935, -0.942232
88, 3.62863, 0.989077, 1, 0.327913, 0.188411, -0.925729, 0.140287, 0.232833, -0.962345, 0.401171, 0.283975, -0.870873, 0.216173, 0.327615, -0.919749
89, 3.67033, 0.991787, 1, 0.275681, 0.177516, -0.944716, 0.0341053, 0.142398, -0.989222, 0.275731, 0.294493, -0.915012, 0.034407, 0.263829, -0.963955
